2196	143
142	465
142	1240
142	467
142	471
74	74
2059	79
1809	1618
1782	1707
1782	1708
112	512
112	513
342	1946
342	341
342	342
342	1952
856	950
856	956
1039	1288
1297	480
1297	1264
2002	1118
2002	363
2002	1123
2002	1977
2002	1124
2002	1288
2002	364
2002	367
2002	1980
2002	1128
2002	1129
2002	1130
2002	1981
2002	1132
2002	375
554	60
554	63
554	64
1143	965
1146	250
1994	2132
2233	2222
1586	1585
1586	1586
1586	1595
304	304
304	2113
498	938
498	1388
513	2011
513	512
513	513
513	1655
2083	192
583	2179
583	2181
583	579
583	74
583	1393
583	2191
583	583
1260	780
1349	889
667	1088
667	63
667	1089
1909	446
1909	2050
1909	2051
1909	1124
1909	1213
1909	1214
1909	2054
2027	103
2027	105
2027	1640
2027	108
1083	1082
1083	1083
560	2171
202	2233
1340	1123
1340	367
1340	882
1208	700
2176	1554
2176	1558
2176	45
2176	115
1384	199
1384	367
1384	924
1064	930
1064	208
1064	1777
1064	933
2261	1751
7	219
674	1408
736	736
736	63
1678	2137
1092	1361
1092	1369
1092	565
1092	1374
1272	513
164	163
164	164
1441	1240
1441	757
1441	1412
699	1023
100	367
100	579
100	192
90	501
647	35
615	950
615	854
912	860
2058	2230
1766	2197
1766	2203
1766	1410
1610	1848
1610	1610
1234	454
1234	1234
542	542
542	2162
542	1044
2075	36
2075	41
39	421
39	1240
39	423
2068	364
1033	1441
1033	1442
1033	1412
1033	1447
1142	1025
1655	2113
1655	513
2158	1136
2158	1153
2158	2158
2158	395
2158	367
2158	537
2158	45
2158	2163
2158	192
1072	389
1072	1111
1072	480
1072	355
417	538
417	539
417	1345
551	550
551	551
551	1351
1303	363
213	63
213	473
105	105
105	632
105	634
105	103
105	108
462	465
462	1590
462	1591
462	476
462	70
1621	86
1621	1619
1621	1621
1136	842
1136	1136
1136	1156
1136	565
596	417
596	538
596	539
596	418
596	2013
596	1345
2095	1883
1080	492
1080	1309
1077	363
2100	1407
2100	2204
578	634
578	182
253	465
253	348
45	367
45	192
45	413
325	367
325	1980
325	579
2145	134
2145	513
1701	2197
1474	901
2138	2102
2138	928
2138	364
2138	412
2138	934
2138	581
2138	1778
1355	1853
1355	1264
1355	392
1355	480
1355	565
1070	1288
67	1873
67	375
1237	1136
1237	916
1237	262
1237	1250
182	634
593	525
593	526
593	634
531	528
531	1334
531	2148
531	531
21	620
21	93
21	392
21	1156
21	2234
1332	1451
1332	60
1332	627
1332	2239
1332	1456
1585	1586
1585	1595
1880	1996
71	250
71	634
861	1977
861	63
861	1128
861	882
557	296
823	557
823	1362
823	1672
75	212
1730	1730
251	191
251	375
251	251
998	998
372	0
372	219
372	13
1054	339
228	219
228	13
228	515
228	518
1992	1153
1992	395
1992	1156
1992	1157
1992	537
1992	463
1992	565
1992	1250
130	14
1181	1181
1181	879
322	63
322	523
409	591
1534	1849
1534	1852
1076	364
1076	1102
1076	1104
1078	1281
1078	1282
1078	1284
1078	1300
1158	684
1158	687
1158	689
334	106
334	112
334	512
1087	950
1145	1430
1145	2252
1145	513
453	93
453	647
453	565
458	455
2168	53
1199	744
1199	1012
599	932
599	13
599	211
423	1487
423	421
423	2043
423	476
1591	2052
1591	2239
1591	2053
1939	927
1684	1984
240	634
240	476
1368	1451
1368	564
566	165
1411	952
1411	241
1411	1309
1411	962
1411	242
951	1240
951	1441
2238	2047
1385	842
1385	1853
1385	217
1385	389
1385	1332
1385	392
1385	367
1385	1980
1385	1340
1385	532
1385	1341
1385	1342
1385	533
1385	940
1385	986
1385	1007
1385	1633
1385	1352
1385	579
29	1360
29	211
29	1454
471	465
471	1170
471	1979
471	142
2258	66
2258	1588
1499	1598
1499	1600
648	75
1393	2197
1393	217
1393	1123
1393	1548
1393	928
1393	367
1393	1342
1393	533
1393	798
1393	579
1393	192
1393	413
1393	74
734	1166
734	64
480	389
480	392
2212	2201
758	1430
758	1336
758	1337
758	513
1743	364
1743	1743
1743	345
1743	347
1743	1097
1743	349
1743	1749
293	293
293	63
293	64
293	523
293	2045
372	638
2031	1240
1182	1270
1810	326
1702	2028
855	63
855	134
855	1345
1249	718
1249	719
434	63
434	113
872	1117
1508	250
1508	534
1508	384
1508	208
1508	1578
1508	473
239	725
750	1118
750	2179
750	2160
750	548
750	375
750	367
750	554
750	1355
750	1851
750	1356
750	533
750	1364
750	1040
750	191
750	251
750	2238
750	1455
750	1042
750	413
750	641
750	2253
2088	1901
2088	1902
2088	1117
606	134
606	513
1911	1508
1911	20
1911	208
1911	1509
1222	678
932	1362
1130	367
1130	174
1823	1813
1823	1823
1779	389
420	634
757	91
757	92
1057	785
1968	1723
1968	64
1968	1647
680	785
1187	1316
1778	2138
1751	93
1751	537
1769	1213
701	765
701	1620
701	769
701	1302
565	93
565	1742
440	345
496	309
496	310
496	311
1242	804
1407	2047
1407	1407
1296	996
1296	1264
1296	1041
1296	59
1329	1309
1329	1312
827	750
827	217
1322	64
1155	989
1155	1846
1155	995
532	367
532	1633
532	1352
1388	639
1388	1388
2210	1795
219	13
1431	766
1431	1344
1431	811
1431	812
841	827
1564	2045
1845	650
1845	534
1845	1344
735	1441
1122	1341
62	634
1735	1806
1735	1808
1735	1809
376	312
376	352
376	473
1475	1068
950	1298
145	4
145	211
37	634
1693	1578
1693	1579
1693	57
1393	1341
1393	1393
392	21
392	480
392	463
392	565
375	1657
375	86
375	217
375	191
375	121
375	1619
1870	2025
1870	744
1870	1199
146	206
146	367
869	602
869	1421
1793	1946
1793	1747
1387	988
1738	486
1738	389
1738	1723
1738	1968
1166	1322
1471	720
1658	727
1658	1846
1658	1883
1252	742
954	811
954	825
954	812
954	766
947	1108
305	591
1889	512
1889	134
1889	513
1214	1370
1214	568
862	389
862	480
862	1042
862	844
236	416
236	478
681	952
681	1147
681	937
319	465
319	391
522	465
522	626
522	476
1382	684
35	647
289	289
289	292
1162	115
1162	921
1162	2266
1167	134
1167	1233
1180	862
1180	1355
1180	719
1180	864
476	400
476	250
199	367
199	1073
199	1074
1267	1303
1267	1307
1350	582
1350	1392
1454	29
1454	1360
1454	705
1454	32
339	364
339	14
339	339
339	1054
339	1055
2115	513
2115	1914
1280	486
1280	1089
1280	1185
1742	1995
1742	844
1902	1901
1902	2088
1902	74
509	485
509	569
509	411
767	1147
846	1341
797	1369
797	364
2188	1950
2188	349
1616	1741
475	250
475	626
475	1575
475	476
1538	1707
76	367
188	1554
188	1370
188	501
1417	1106
1417	1364
1417	1208
1417	1243
1326	1326
1326	1327
1196	1053
1507	364
1507	412
1524	1986
1524	41
347	1361
347	1374
347	797
347	1369
347	364
1523	1969
1523	476
1523	477
1523	113
537	93
537	537
1836	1582
2114	2112
2114	2113
1629	2159
1629	540
1315	1315
1315	1170
1315	1240
1315	934
2047	1407
684	944
1797	424
1797	483
1797	399
1520	1579
1520	57
1520	1578
1520	1487
1520	3
1520	476
1520	406
1662	1062
421	3
421	626
421	421
421	416
421	423
421	2101
896	928
896	267
896	1341
896	993
1847	1847
729	1548
729	2047
2245	2023
1572	1632
1572	418
1572	2013
1572	607
1023	1023
1023	698
1023	699
27	932
27	13
27	211
1852	1852
1852	1849
1852	1514
1852	1516
1852	1529
1852	1534
1852	1535
1052	708
1052	581
1370	2047
1370	1407
93	537
2006	491
2006	492
2006	1309
381	271
381	583
387	465
387	2246
1676	150
1676	1913
1676	101
697	1084
697	364
697	121
697	191
2021	556
2021	425
407	465
407	545
407	844
407	477
1950	364
1950	1749
1439	267
1439	1341
1439	993
1439	1410
1348	1348
1348	1350
1348	364
1348	552
1784	389
1784	392
1784	1783
1784	480
2105	540
2105	2005
2105	942
2105	2006
1100	1364
724	1263
724	941
710	1268
710	845
812	761
812	766
812	811
1584	432
504	632
504	634
504	881
1290	366
1290	1127
1197	1883
983	879
983	983
2187	367
2187	1980
2187	533
1360	736
1360	879
1360	804
683	304
683	619
1722	473
890	950
890	967
1402	1334
1402	367
1402	134
709	363
709	1069
709	320
709	1364
2205	1077
2205	1213
2205	192
385	1314
385	477
942	2005
942	2006
942	492
2	465
2	406
2	476
2	348
641	413
8	389
8	262
8	647
8	414
1351	650
1228	352
1228	568
2029	1644
1808	1806
1808	2222
1808	1735
1808	1809
689	684
689	944
689	1117
689	902
25	272
25	366
25	363
25	326
402	402
402	617
416	465
416	250
416	477
1631	1945
1631	1538
1631	1708
99	400
99	534
99	476
275	1407
275	813
275	14
1638	1847
98	75
98	2052
98	579
783	827
783	217
687	1158
687	687
687	689
2017	2113
2017	513
2017	2254
1233	134
1375	719
1375	1128
1375	882
804	364
804	815
2144	1118
2144	1213
886	528
886	1152
886	1106
886	1264
886	531
658	1240
658	138
1211	577
1211	1324
1137	1138
1137	876
1949	250
1949	813
1949	626
1949	260
1949	54
1949	476
898	1133
898	134
1410	1632
1410	2182
1410	2203
652	480
747	93
310	1794
2054	1642
2054	363
2054	2050
991	988
991	1387
1995	565
1995	1742
1000	684
1000	944
1000	1117
1231	389
1231	862
727	1635
727	787
727	995
840	996
840	480
1010	1044
1010	278
671	666
671	842
2140	651
2140	64
1575	465
1575	250
1575	757
1575	467
1575	476
1575	477
888	332
888	1084
888	1085
888	364
888	367
888	193
888	344
343	86
1957	1857
929	967
1132	1435
1247	854
1247	616
901	901
901	1181
923	923
549	634
1521	1487
1521	3
1521	1578
1521	1579
1521	57
1521	476
1521	1447
1241	565
1223	1170
1223	476
1223	70
2005	492
768	1044
768	1045
1366	952
1366	1309
1366	962
2179	86
2179	1812
572	28
572	26
574	602
574	341
574	1952
576	367
576	532
576	1591
576	579
468	1991
468	516
468	1153
468	517
468	1995
468	565
468	1742
620	537
2198	1769
2198	1770
1111	1072
1111	355
1111	1213
1561	2216
1561	582
390	454
523	63
1489	1861
6	212
6	421
193	1084
193	364
193	121
675	938
675	2237
675	1453
675	1458
1653	635
2252	136
2252	2148
1785	1678
760	1327
760	1275
1315	476
2103	1558
2103	2103
2103	367
2103	45
2103	115
1451	1332
1451	60
1451	412
1451	627
1451	416
1451	2239
1451	1456
722	882
722	722
963	1617
963	768
784	1332
784	60
784	784
168	3
168	636
883	1053
1795	2182
1713	1995
1713	565
1713	1742
626	465
626	476
1718	2067
733	1406
733	1412
1732	400
1732	534
1732	2035
1732	476
1594	1364
1594	1593
1594	1594
1739	1947
1739	725
1739	906
651	134
927	1123
927	219
927	1132
927	1342
1309	530
1309	492
1309	1310
1309	1312
1309	514
1226	1315
1816	1883
1153	842
1153	863
1153	916
1153	1156
1153	395
1153	537
1153	463
1153	565
1153	1250
579	271
579	367
579	533
866	813
866	718
866	719
866	1128
866	497
259	465
259	476
259	70
259	348
277	53
277	277
277	279
277	280
277	284
1896	727
1896	995
1896	816
226	222
794	854
794	1409
794	1247
794	616
1344	766
982	1007
1091	1322
627	134
1095	93
1095	392
1095	1007
1020	942
1020	1275
1020	489
2213	1577
18	21
18	286
18	620
18	227
18	537
921	115
921	986
968	1123
968	708
968	1020
968	1246
968	74
124	364
124	634
1977	363
1977	1123
1977	1124
1977	1632
1977	1132
1977	378
1977	927
2135	2260
445	139
445	982
445	2122
445	1007
849	1341
849	846
849	848
849	849
497	1751
497	537
497	565
497	463
2218	2180
928	1385
928	607
1970	2192
1970	1450
1970	2196
1970	1398
1552	1654
1552	477
1552	471
1552	2101
806	813
1484	1484
1484	989
952	1137
952	2275
952	937
1446	1264
1446	59
1446	192
2163	2158
1563	1722
1563	1726
1563	478
1933	1928
1933	1092
1933	63
1933	1932
1933	1933
636	465
636	1240
636	416
636	2101
1752	1123
1752	2021
1752	367
1752	532
1752	1553
1752	1861
1752	1393
582	813
2236	1691
1666	1492
1031	1127
1031	933
1336	1430
1336	580
1336	632
1336	513
2101	476
2101	2101
357	163
357	357
357	164
297	296
129	1303
129	305
129	1364
1198	967
1529	1852
1529	1849
1822	842
1822	1853
1822	1622
1174	1086
191	121
191	413
41	613
1936	1542
1936	1543
635	1649
635	1653
635	116
635	1659
635	117
1941	2013
1941	954
1192	473
1192	476
1192	802
1204	778
1204	779
1262	1264
2182	2102
2182	934
2182	2182
2049	53
2049	2091
2049	360
2049	668
2049	1979
863	21
863	620
863	93
863	1153
863	392
863	916
719	719
2220	392
2220	497
2220	542
2220	1044
2220	1045
2220	278
2220	2220
2220	838
2220	839
1615	618
1615	473
1615	2182
1560	823
1560	1683
1560	824
1560	102
1560	57
863	863
1905	1846
384	162
1429	1288
1680	243
1680	1680
766	761
766	476
550	1686
550	465
550	250
550	1170
550	2264
550	1240
550	626
550	757
550	2236
550	1691
550	421
550	1441
550	636
550	1750
550	416
550	715
550	2239
550	315
550	54
550	473
550	476
550	477
550	2097
550	745
550	484
550	138
550	2101
550	70
1184	84
1184	854
1184	143
1184	1247
1184	616
1184	1694
1449	1147
686	766
686	954
686	1056
619	619
619	102
2091	53
446	903
446	904
446	1062
1546	1764
1546	2181
1850	465
1850	401
1850	2090
1850	102
1850	51
1850	473
1850	476
1850	477
1462	485
1066	2181
292	1538
292	1724
808	1100
212	1283
212	731
1885	217
1885	2047
1885	1376
2026	2006
2026	1276
2026	492
478	1315
478	465
478	250
478	1170
478	406
478	54
478	476
478	479
478	70
946	766
946	812
946	1056
203	649
185	530
276	1118
276	119
276	276
276	2084
276	2163
276	192
1452	367
1452	579
1452	1393
1452	2191
821	1071
821	1088
821	1185
1694	1127
1694	1470
1694	1478
1694	616
1694	1479
568	1879
1535	1535
1535	1849
1535	1514
235	230
235	402
235	1797
235	1706
235	292
924	1123
2264	1691
48	465
48	813
48	1240
48	476
189	75
189	2052
189	579
12	487
331	486
331	277
331	284
410	143
1127	950
150	767
150	367
150	1861
461	367
461	63
1808	1962
1883	1197
1883	1883
486	486
486	870
486	364
486	1132
486	134
486	179
486	1044
486	1455
486	280
236	465
236	250
492	1141
492	323
492	1276
492	1310
492	514
492	1309
492	2006
402	424
402	399
402	1724
402	292
1313	1474
1318	1014
1327	70
1479	854
2034	1691
2122	389
2122	2084
1110	650
1110	766
1110	1056
1110	954
890	890
1547	364
1547	2036
1541	83
1320	1320
1320	54
1320	476
800	1288
800	63
800	1376
1160	876
1160	540
1160	941
1553	1670
1553	1553
1916	1916
487	212
487	487
487	415
487	464
839	1288
839	1044
839	59
839	1244
2243	1522
2020	2051
2020	436
1339	1338
1339	1339
472	634
909	1288
1127	1127
1127	487
1442	989
1768	1697
1768	2032
1768	2091
1768	1240
63	164
63	2045
1003	522
1003	994
1003	626
1003	1002
1003	1825
1003	1850
1003	473
1003	475
780	1314
780	565
780	1108
780	1241
1245	1245
1245	1057
44	44
44	2162
44	542
1259	2148
1259	115
1259	1725
1259	921
309	310
1642	2050
1642	845
2046	2113
2046	2114
2046	304
1958	93
906	2159
906	725
906	1947
906	514
906	477
158	331
158	277
158	284
397	364
1097	1086
1097	1361
1097	345
1097	347
20	162
602	602
285	412
285	476
285	477
179	134
2181	2179
2181	363
2181	1123
2181	491
2181	798
2181	74
2065	1921
2065	1926
1969	2229
1969	465
1969	406
1969	416
1969	478
1969	477
1969	2097
1969	70
2080	364
2080	211
2080	486
2080	908
2080	1121
2080	1302
2080	278
2080	1044
2080	813
2080	736
2080	542
2080	366
2080	1130
2080	1324
2080	1128
2080	1045
2080	645
78	632
78	634
2035	1407
2035	412
2035	2148
2035	1600
2137	623
466	104
466	2078
715	2229
715	465
715	1332
715	412
715	75
715	575
715	2052
715	2239
715	476
715	477
715	471
715	1778
715	229
628	634
852	485
852	569
2006	1276
401	400
401	465
401	250
401	476
401	477
1107	1281
1107	1284
1107	1282
1354	679
1364	1364
603	137
575	75
575	575
60	63
1423	454
1423	746
2219	1853
2219	1719
824	651
824	134
824	57
824	1579
996	528
996	275
996	2047
996	1006
996	1977
996	1700
996	392
996	480
996	1264
996	1435
996	1128
996	857
996	1981
996	2002
996	882
996	1132
996	1042
996	59
996	273
1706	617
1706	1706
1706	235
1706	292
2036	1749
550	1315
550	3
550	406
550	829
550	534
550	1578
550	478
550	213
2113	304
1988	193
1988	344
1988	1513
1283	1283
1283	731
1984	1364
1984	1100
1251	383
2163	212
2163	1283
2163	2163
2163	731
1663	617
1663	1706
1663	292
103	16
103	632
103	88
103	1640
1123	1407
2204	1407
1679	1562
1679	2122
465	400
465	250
465	401
465	476
465	477
465	2097
1938	1077
1006	1264
1006	882
1006	2220
40	74
1277	1105
1277	513
1277	879
1277	1109
220	273
220	491
220	192
1617	170
1617	49
1617	349
456	454
456	390
456	939
287	363
1853	497
1853	1622
1853	1719
1354	626
1354	476
1027	1385
1027	1264
1027	63
1027	1376
136	136
136	115
400	250
400	476
1285	1281
1285	1107
1285	1282
1285	1284
295	634
161	797
161	1374
1120	1842
1120	1952
1120	987
2038	364
848	1341
848	889
848	1349
371	2090
371	1132
371	501
2092	1903
2092	1156
2092	537
2092	497
1985	1102
1071	668
1071	2043
30	31
30	476
30	477
30	471
567	364
902	684
902	944
902	1117
902	687
1374	347
1374	700
1148	1404
1148	1411
1148	962
1251	1082
1251	586
1251	1251
1251	1083
2079	2016
981	1085
981	447
2053	2229
2053	250
2053	575
2019	1886
2019	32
2019	63
2019	64
1044	1044
1044	1302
1908	1883
474	208
474	33
570	60
170	1245
1420	1151
1420	671
1420	389
1420	93
483	399
1757	1755
1757	1756
1757	1761
1017	454
1017	1023
178	421
178	622
178	423
103	655
1558	1558
1558	45
1558	115
282	200
367	217
367	1341
367	533
367	579
55	241
55	492
81	1756
81	375
81	413
2185	1909
2185	2051
2185	1805
2185	2054
95	634
95	482
1991	389
1991	1995
1991	2074
1991	468
513	901
513	607
1328	1324
430	556
430	425
430	432
1156	2234
1156	537
1156	565
201	465
201	1170
201	476
201	70
882	1001
1205	1205
650	1344
650	766
1029	719
1029	1128
1029	1208
1029	1375
1034	1382
1034	684
370	365
370	135
370	369
370	370
362	72
362	476
1119	959
1119	963
1119	964
345	1097
345	345
72	400
72	465
72	250
72	476
493	536
493	211
493	364
1088	736
1088	63
1088	668
1088	13
1088	64
1088	211
1088	1362
1088	1089
1088	1185
1697	465
1697	2032
1697	53
1697	2091
1697	312
1697	1240
1982	2276
1426	1634
1426	2011
1426	513
1746	1789
1746	228
396	239
2063	60
2063	784
2063	476
2063	1799
1105	879
1105	1109
932	513
1509	1508
1509	20
1509	208
1509	474
1509	2034
2024	2024
2024	1670
2024	432
938	487
938	1309
1160	323
1160	128
1160	492
1160	514
2160	1665
2160	367
2160	579
1216	591
1175	130
386	804
386	2161
386	543
2191	1123
2191	2181
2191	1902
2191	798
2191	607
2191	927
1338	389
1338	1339
1338	940
1753	106
1753	2145
1753	512
1753	134
1753	1588
1753	513
1753	231
1082	1139
1082	1083
2032	2091
2032	1170
2032	312
2032	1240
2032	416
2032	426
889	363
1246	1147
1246	1246
1855	2026
1720	86
1720	1812
138	465
138	250
138	658
138	476
138	477
138	2097
1741	1616
1632	86
1632	367
1632	1632
1632	1342
1632	1132
1632	533
1632	579
1255	677
975	1275
975	1276
975	1309
712	1005
2182	465
2182	75
2182	477
1004	938
1004	1388
284	53
1459	1023
1459	698
1459	699
1085	1084
1085	364
1085	367
1085	193
1935	1958
2089	476
2061	2148
13	219
1118	620
1118	728
1118	813
1118	537
1118	497
1886	560
1130	86
1130	191
1239	1465
1239	711
2076	1694
2076	583
1397	1012
469	1991
469	517
469	1995
469	468
1389	1118
1389	1111
1389	1349
1389	1213
2147	1916
1909	1909
1909	1394
1215	1264
1215	480
1215	1149
725	2159
2269	565
2269	2269
518	228
518	515
518	375
518	1746
698	1388
698	1023
608	375
1356	1341
315	465
315	473
437	354
437	1967
693	1020
693	692
693	941
693	491
693	1023
47	660
47	813
47	864
415	212
415	487
415	12
415	464
66	651
66	134
66	179
1112	1304
857	1118
857	1123
857	1124
857	367
857	1130
1689	2208
1250	842
1250	1420
1250	1157
153	122
153	296
477	400
477	250
477	1240
477	476
412	250
412	632
412	476
412	477
538	539
538	418
538	2013
538	543
538	1345
1727	134
57	250
57	651
57	824
57	134
57	240
57	102
57	619
57	57
57	1447
163	357
637	400
637	250
637	1334
637	115
637	476
1115	1084
1115	364
1115	121
1115	191
826	766
826	208
244	537
244	463
244	497
1972	933
1972	1973
1342	1435
1342	1132
122	171
115	1314
115	1062
1899	1707
1910	2191
234	483
234	399
234	1797
234	402
234	292
321	538
321	596
2237	2213
404	179
404	66
1333	813
1185	486
1185	2080
1185	1088
1185	278
1185	1362
1185	1089
1185	280
1185	134
1185	1044
1425	1451
1425	627
1709	1709
1691	364
1691	2236
1691	476
313	634
313	513
2193	1197
2193	1883
1400	63
1726	1722
1726	1563
1726	473
1890	115
1049	481
1049	485
1049	1295
1049	1299
730	485
730	2113
730	683
598	135
598	166
598	167
749	1094
746	589
746	1756
746	413
274	1949
274	1002
274	1850
274	477
274	1672
687	1134
687	684
391	465
1133	364
1133	134
850	476
850	745
229	928
229	934
229	1778
229	2182
229	2138
33	250
33	208
355	627
355	1007
485	1462
485	619
485	37
191	375
719	813
719	718
719	497
1762	1762
854	854
1355	463
1261	1344
1261	766
1261	811
1261	812
22	634
22	2201
1998	1686
1998	1470
1998	1838
1144	1276
1168	626
1168	260
1168	1477
1168	1320
1168	476
230	424
230	483
230	289
230	402
230	292
789	363
1219	873
1273	1083
860	742
860	860
1339	940
1906	1658
1906	1450
1906	1846
348	476
348	70
1383	476
1383	745
406	522
962	1309
962	26
962	242
19	250
19	1170
19	375
19	478
1510	1450
1510	1970
1600	1600
1955	446
1955	904
1955	1062
728	1216
728	1435
728	1040
1106	528
1106	591
1106	1334
1106	1364
1106	531
1638	364
1558	2184
1558	399
1558	93
1558	234
1558	2163
1558	2084
1558	463
1558	497
1213	1370
2107	2050
2107	1213
777	1068
777	1475
470	360
470	470
786	212
786	1283
786	731
34	465
34	1170
34	626
34	1578
34	473
34	484
548	363
548	1077
548	1938
540	128
540	492
540	937
916	1153
629	542
629	1044
1579	1578
1579	1579
1579	57
1737	367
1737	2209
180	589
180	1756
180	2013
180	413
2211	1960
255	1388
197	634
197	14
2051	271
2051	2022
395	93
395	395
395	537
542	486
542	1045
2166	2166
2166	2024
2166	1883
1989	513
1989	1752
382	465
382	467
2146	2251
2146	579
498	1004
394	632
394	634
1258	1977
1258	1128
1258	1129
2253	1364
2096	1962
73	623
1554	1522
1752	2024
1752	2166
1752	546
1752	432
1752	174
1752	1341
1752	1385
1378	84
1378	967
1378	1171
1378	1172
408	465
408	1240
2177	2030
573	512
573	77
573	63
573	634
1783	389
2231	1879
2221	2221
588	1684
588	634
694	968
694	1020
694	692
694	693
694	1023
1403	1382
1403	684
487	1879
176	465
176	626
176	54
176	1240
1501	2202
1501	143
1501	632
1501	1422
205	637
205	115
205	476
1224	793
759	1144
759	1308
759	1015
759	192
1609	2069
1609	2070
2066	2071
2066	208
1326	1020
1331	950
1614	2051
1614	93
1614	436
590	539
368	1376
993	1341
993	1349
993	848
169	549
169	634
162	250
875	1315
875	406
1304	476
1755	1263
1755	724
102	499
1846	1060
1846	1450
1846	1996
1238	480
1238	700
1238	1243
1376	1288
490	128
490	540
490	942
490	2006
490	492
266	452
266	1147
266	677
266	1169
54	250
54	626
54	1487
54	476
54	1672
54	1799
54	479
231	1753
1942	1948
1953	271
1953	2197
1953	2179
2098	1802
2098	1585
2098	1586
1334	528
1334	531
1375	1029
1244	1288
1244	882
1181	2276
1765	1553
2060	1606
2060	345
2148	136
2148	115
514	1141
514	530
1553	432
1553	2021
1553	1752
2070	2069
2070	1276
2096	1806
1497	2275
2073	887
2073	1807
2073	744
1068	1068
1068	1475
1068	513
1873	272
1873	465
1873	486
1873	3
1873	1152
1873	406
1873	1001
1873	1977
1873	480
1873	1264
1873	1088
1873	2122
1873	367
1873	63
1873	668
1873	857
1873	14
1873	1341
1873	993
1873	421
1873	134
1873	1208
1873	423
1873	1379
1873	722
1873	473
1873	1185
1873	476
1873	1393
1873	74
1873	70
682	250
682	1430
1283	212
177	481
177	485
177	144
1513	1951
1513	1988
51	465
51	473
51	476
424	289
424	402
424	292
252	684
252	1117
252	377
2234	1156
529	634
977	367
977	1122
2074	389
2074	392
1001	2047
1001	554
2254	513
389	463
389	497
389	940
956	950
956	856
1151	1420
1151	1151
1151	389
1151	1339
1151	497
1785	2137
91	211
91	1089
937	1137
937	455
1030	123
1030	1127
1044	1045
831	49
831	1515
831	680
2048	2184
2048	1213
1209	2179
1209	1123
617	402
617	292
148	634
1959	1735
1959	2240
1959	630
1959	631
2126	1632
2126	2161
2126	418
2126	2013
2126	1572
2239	2229
2239	364
2239	412
2239	715
2239	477
1654	2082
1654	360
1654	64
1069	1422
1069	1100
2142	1426
2142	1847
1372	930
1372	1777
1372	933
2093	250
2093	2089
2093	2093
1588	106
1588	2145
2013	418
2013	1572
2013	2164
432	1584
432	425
432	556
432	2021
432	430
1973	602
1973	2234
1973	46
1973	1973
621	477
1450	930
1549	432
1549	2021
1549	1553
1962	191
1962	1809
1218	1522
1218	1554
1218	1214
1218	90
1948	1948
210	73
210	2230
425	556
344	193
344	344
817	1839
817	1121
817	1302
1668	1883
1708	1707
1708	1708
1708	1538
1011	465
1011	522
1011	1949
1011	994
1011	534
1011	2090
1011	626
1011	1590
1011	1002
1011	416
1011	1003
1011	1825
1011	274
1011	1850
1011	473
1011	51
1011	315
1011	1672
1011	34
966	1234
1362	932
1362	1242
92	91
92	211
92	1089
1821	2034
1084	364
1084	121
762	1430
762	1270
480	1264
480	1784
480	992
480	719
544	69
531	1097
531	2260
517	516
517	468
312	465
312	476
1075	272
1075	480
1075	700
1075	1208
1075	579
1506	1511
1170	476
1170	484
1170	2101
1077	1077
1310	1312
1186	813
2018	2045
2018	293
431	250
431	2143
431	634
431	476
431	478
1799	476
1430	589
1430	250
1343	953
507	1404
507	563
507	455
811	761
811	766
876	1138
876	2275
876	514
876	937
2128	1664
542	629
581	465
581	173
581	350
581	51
581	477
601	418
583	1123
583	1902
583	927
241	55
241	241
241	492
331	331
331	158
612	634
612	2201
1276	1276
1276	1309
1276	491
691	744
691	1012
489	942
489	1275
489	490
489	1023
1670	432
1670	2021
2050	845
718	813
718	719
992	21
992	1216
992	480
1453	2237
1453	1023
413	476
413	413
1358	766
530	1310
530	1312
910	1337
911	1147
914	1264
914	480
741	1341
741	848
741	1349
2169	2149
2169	514
2169	492
1093	1093
1016	1218
1016	1214
1681	86
1681	1407
1681	1364
1681	2253
1681	1593
1538	1708
1028	684
1028	944
1028	1117
1399	406
1399	1441
1399	57
174	367
174	1341
174	75
624	932
624	13
624	211
2214	2047
753	821
753	1220
753	1088
753	823
753	667
753	668
753	1362
753	1089
753	1185
1516	1478
1516	1534
435	442
904	1062
1217	863
1217	916
211	486
211	364
211	91
211	64
1849	1535
1849	1849
1849	1852
1849	1534
1306	827
1306	968
1306	750
597	389
2235	63
2235	2045
1124	1435
1124	367
1124	1128
1124	1130
1124	634
1124	1132
340	486
340	2081
340	532
340	378
1318	477
685	1088
685	1469
1455	1455
838	1044
838	1045
894	830
894	304
894	2113
894	2114
894	614
950	950
120	995
344	364
344	1951
892	32
892	881
1055	339
1055	1054
1571	1810
1571	326
1914	513
2230	623
119	1136
119	1153
119	395
119	367
119	537
119	1622
119	45
119	2163
119	192
436	2020
436	2051
436	93
436	463
436	436
270	354
270	1967
270	437
1645	481
1645	485
281	634
281	2207
2101	477
2101	2097
2101	484
740	389
740	1072
740	862
740	844
1578	465
1578	250
1578	296
1578	473
1578	476
1578	477
1367	953
1367	1343
24	1374
24	1469
1141	1310
1141	1312
312	312
312	416
1715	57
1715	1520
1715	1521
1114	476
1114	745
1978	1805
1978	568
692	1160
692	1020
692	693
692	941
172	364
172	634
172	61
1089	1242
1089	1362
1230	1388
1406	477
1406	1412
1278	1070
1278	1264
1278	1851
1278	1042
941	141
326	1040
944	22
378	1632
2151	1706
2151	235
2151	292
389	389
360	53
360	470
360	360
541	465
541	476
541	176
1282	1281
1282	1284
1282	1107
1535	1852
1535	1529
2112	304
2112	2113
2112	2114
2112	1964
15	124
1981	367
1981	174
1981	1130
1981	1385
108	16
108	632
108	634
108	103
1528	304
1528	2113
1528	2254
1532	1332
1532	1590
1532	575
1628	2201
825	761
825	766
1723	1779
1723	1968
1756	271
1756	925
1756	724
1756	1755
1756	1761
1756	192
2249	214
2249	420
2249	1551
1568	1568
1568	2002
1733	262
1647	1968
1647	1742
1647	293
184	465
184	39
184	421
949	949
949	1225
949	1227
949	986
473	465
473	401
473	250
473	2090
473	51
473	476
473	477
1831	2069
1831	1276
1248	1127
265	465
265	344
1519	1730
1519	619
990	797
722	2047
964	1397
964	963
964	768
59	996
59	600
59	392
59	1264
59	1784
59	480
59	882
59	2214
59	1041
59	358
59	1215
59	1244
1018	454
1018	1234
1018	746
447	367
1002	2090
1002	1825
1596	1789
205	205
646	75
646	2052
646	579
533	217
533	1342
1257	511
1257	565
1257	193
1257	121
1300	1281
1300	1282
1300	1284
1619	86
1619	1632
1974	63
1974	2011
2153	2020
2153	2051
2153	436
1542	1543
1477	626
1477	476
448	577
448	1207
448	1211
448	1212
448	448
1463	389
1463	480
1463	862
1559	2253
1559	1364
1559	86
994	473
591	364
2037	2246
2259	1986
2259	41
935	744
935	1012
439	63
439	513
1819	1852
1015	1127
1015	367
213	250
213	51
213	581
113	934
113	1812
906	271
906	2005
906	241
906	906
299	364
299	634
1843	136
1843	115
1843	2266
1825	1949
1825	1884
1825	1850
1825	1672
337	634
337	1984
1101	827
1103	1147
1240	465
1240	1240
1240	626
1240	1441
1240	658
1240	54
1240	475
1240	476
1240	477
1240	478
1240	745
1240	138
1240	2101
444	232
1203	1282
1203	1284
1203	1300
251	1040
251	585
1046	791
2062	2181
271	363
271	1407
1734	1670
1734	432
1734	2021
1734	1553
358	996
358	1264
358	480
358	740
358	1355
358	1041
358	59
358	1215
952	952
657	1272
657	283
657	2276
68	14
1457	1992
1457	1157
1457	395
1457	1250
1062	1062
1909	2185
1909	1805
771	984
771	1093
994	626
994	1003
994	1011
1218	2070
1218	921
1218	568
1206	830
1206	2113
1206	614
1129	1124
1129	2081
1129	1130
1129	1132
1129	378
745	1170
745	1304
745	476
745	484
819	834
828	877
1687	2102
1088	667
926	854
926	1478
926	1479
1626	1538
1626	1945
1937	1077
1937	1938
1781	1837
216	652
216	480
216	59
216	358
668	1071
668	1979
1427	1040
677	1317
53	360
1667	1677
351	513
1951	1657
214	14
214	1551
781	1307
46	602
46	517
46	1441
46	1973
2011	513
775	684
775	944
291	290
2004	2197
2004	217
2004	363
1056	766
450	571
1221	250
1221	682
1221	476
1797	1797
1797	617
1797	402
1797	235
1797	1706
1797	292
611	465
1232	1462
1232	619
1232	683
1235	447
1235	981
1394	1394
1394	988
419	93
419	463
419	497
2150	1535
2150	1849
2150	1514
1665	591
1665	367
1665	2171
1665	479
1347	363
1347	1069
1347	320
1347	1364
547	465
547	2097
1844	534
1408	412
625	634
625	1730
585	1001
585	375
778	489
2248	2190
1657	1951
1594	1407
1594	1681
227	286
227	620
227	18
227	395
1721	63
1721	1721
708	708
708	581
147	430
147	432
147	2035
832	271
832	725
832	906
1494	1853
1494	392
208	400
208	250
208	1261
208	766
208	826
208	1064
208	933
208	476
1801	1585
1801	1586
1801	1595
258	258
258	211
487	12
302	678
302	1335
302	1777
1888	1213
1888	2243
286	21
286	1853
286	620
286	93
286	392
286	2234
286	537
393	141
398	3
398	285
398	475
398	412
398	416
2025	1870
2025	2025
0	219
0	13
791	791
791	1046
618	296
618	297
2015	1721
695	511
695	1181
442	389
442	480
2119	304
2119	2113
2119	513
503	634
1292	1379
2002	1073
2002	857
2002	882
2002	1040
2002	251
1225	1227
1225	1228
1225	352
1225	568
594	1407
594	14
1059	1407
1059	2253
1227	2184
1227	988
1227	1471
1227	1225
1227	947
884	511
884	1085
884	888
1456	1451
1456	627
1565	2181
1569	1853
1569	1719
114	548
114	355
816	1170
816	1308
816	478
816	820
784	1451
784	627
985	271
985	2179
985	1123
1884	1672
32	1653
32	632
32	1360
32	218
1288	1288
1288	928
1288	1128
799	1082
799	1229
799	1083
878	1124
878	1276
546	367
729	729
943	64
943	1089
943	1185
1683	1683
1683	296
1683	618
1683	240
1683	102
1683	1560
660	21
660	93
1514	1535
1514	1849
1514	1852
1514	1534
1704	102
24	513
1038	778
1038	779
1903	1992
388	441
101	1846
101	995
1700	1977
1700	1124
1700	480
1700	2081
1700	59
1460	1127
1999	1548
1999	729
1999	1407
2251	1030
2251	2251
467	250
467	465
467	476
1345	272
1345	928
1345	927
1345	417
1345	538
1345	596
1345	2220
1345	418
1345	2013
1345	1200
1345	1345
1345	1393
118	1996
139	627
1483	827
1483	841
1483	1393
2099	842
2099	1581
61	632
61	634
61	655
1279	383
1279	586
1279	1251
1157	842
1157	1136
1157	1156
1733	2234
1964	304
1964	2112
1964	2113
1964	2114
1263	939
1263	941
1263	1276
1391	1324
1042	1324
1042	1042
1152	1853
1152	591
1152	1216
1152	1334
1152	1106
1152	1361
1152	1364
1152	115
1152	531
1502	2038
1867	1686
765	765
765	1620
765	769
765	1302
335	161
335	162
2203	1773
95	744
95	525
1271	1474
1271	879
70	1170
70	476
70	34
649	1608
649	634
278	1044
278	838
278	801
512	2011
512	351
512	513
512	364
512	607
512	1655
678	678
678	1222
2250	400
2250	476
454	454
454	939
183	413
2143	626
2143	715
2143	467
2143	476
2143	477
2143	1799
895	1124
895	1276
2164	1632
2164	418
2164	2013
2164	607
2164	1302
813	93
897	93
897	986
539	1345
539	418
539	2013
539	543
539	2085
539	579
856	953
2194	2217
1695	1639
186	540
186	490
187	367
187	579
1512	1516
1512	1450
2170	1555
2003	400
2003	72
656	550
656	1441
656	1406
656	476
1041	1264
1041	700
1041	1238
1041	1208
1754	389
1754	2232
1500	2055
1500	513
543	634
543	1632
543	313
543	2161
543	418
543	2013
543	1572
2250	534
2250	2035
1146	1946
1146	787
1146	1960
272	643
272	363
272	480
272	1885
272	1045
272	1062
798	1123
732	16
94	296
903	904
903	1062
782	928
655	632
655	634
655	172
655	61
864	1118
864	275
864	1129
874	1134
874	684
874	687
874	1158
874	689
1637	1541
16	364
16	632
16	634
1073	528
1073	367
1073	174
1073	1980
1073	1128
249	485
249	330
1153	1136
1153	666
995	1846
995	101
995	995
196	1704
196	499
1022	492
110	395
110	537
110	565
1952	1686
261	623
2149	2179
2149	530
2149	492
2149	1276
2149	514
2149	1309
998	1147
998	939
665	1123
665	969
665	729
665	1548
1189	1088
1189	1185
1189	1189
933	930
933	766
933	208
933	1777
933	473
1220	753
1220	1088
1220	667
1220	1362
1220	1185
225	84
837	1074
829	650
829	534
829	1344
829	476
2023	2245
1875	2264
2173	1851
2173	857
2173	2002
2173	1980
2183	1955
2097	476
2097	477
1750	1686
9	163
9	164
9	357
2081	1124
2081	367
2081	1130
2081	1128
2081	1633
2081	1132
2081	378
1574	1846
1574	995
1602	304
1602	2113
1324	1324
1324	1042
1324	1207
1324	1212
479	715
479	413
616	854
463	537
463	565
463	497
2234	392
2234	565
779	942
779	778
1335	678
2209	217
2209	1981
2209	1341
2209	367
2209	579
2209	1393
2090	2090
2090	2155
2090	464
978	973
1421	1344
1421	161
1421	1422
1421	1443
1923	1896
1923	1913
1923	1905
1923	1906
1923	1908
328	476
328	478
2064	1977
2064	1981
2064	1132
333	13
333	134
705	881
705	1454
440	349
501	568
2044	1841
2044	1302
350	465
2133	123
2133	1837
1761	136
1761	2252
761	766
761	986
761	811
1128	1070
1128	1288
1128	1130
1128	1132
1369	349
1879	464
1398	2192
1398	1970
1398	787
1398	2033
1398	2196
1127	1248
696	1407
696	1264
997	1071
997	497
997	423
997	1108
1813	1823
1229	1083
721	1270
1724	1538
257	363
257	986
257	413
1672	465
1672	1949
1672	1850
1672	476
1672	477
1672	34
785	1057
1008	1324
1008	1455
1551	214
1551	420
1264	392
1264	480
1264	548
1264	992
1264	1355
1264	2214
1260	1307
1593	1407
1593	1364
1593	2253
1593	1681
1404	1138
1404	2275
1404	937
1404	455
428	1088
428	211
428	1089
955	984
955	1044
955	1045
1854	1949
1854	1825
1854	1850
1854	1672
1275	942
2102	2182
427	91
427	92
427	211
154	651
154	134
154	555
154	64
488	589
488	634
488	513
744	2047
744	63
744	1012
744	1059
86	86
3	2108
3	1240
3	421
3	757
3	2101
3	1447
564	465
564	1240
564	473
564	476
564	477
1758	2108
195	228
195	13
195	515
250	250
1578	589
1578	1369
1578	412
1578	564
1578	654
1578	618
1578	297
1578	1578
1578	1704
1578	315
1201	1201
1201	115
1201	921
1517	2148
1517	1364
1517	115
1314	1314
103	105
103	2254
103	634
103	103
103	108
472	364
472	632
429	1508
429	208
429	474
33	474
88	634
88	655
595	433
2088	74
1533	1762
1533	367
1533	491
748	150
748	1128
704	748
704	1901
795	1128
795	1130
796	53
796	1202
796	1088
796	668
796	280
807	945
2139	2168
1323	289
1323	1371
1266	363
1266	1341
1266	846
984	984
1826	1740
1826	925
1826	1980
245	1740
245	1169
245	2013
245	245
1830	245
976	1342
976	1393
1353	1123
1353	1740
1353	1826
1353	976
1353	1393
2167	1830
925	1123
925	1342
1495	1837
5	1837
5	421
1371	289
1371	817
1371	1121
1503	1608
1503	364
173	634
1505	513
1505	632
1505	536
1505	2200
1505	345
1202	1071
1202	1088
1202	668
1202	1089
1202	1185
801	1044
801	1045
622	421
622	423
900	2080
900	908
900	899
899	2080
899	900
899	908
79	465
79	115
79	1062
79	476
38	75
38	2052
38	579
1287	670
670	670
42	540
42	490
43	128
43	540
43	490
43	492
1980	224
1980	1288
1980	367
1980	174
1980	75
1980	413
726	1007
1433	967
1590	522
1590	406
1590	467
1590	476
279	277
279	280
1324	134
1207	1324
1207	1207
577	577
577	1324
577	1211
577	137
1212	1212
713	2162
713	1044
772	870
772	364
772	134
645	83
645	2174
645	1380
645	1381
645	2186
645	1386
645	1472
645	1473
645	2256
83	2174
83	83
83	2256
717	664
2256	83
1797	234
2174	83
2174	2256
1131	773
1131	853
1131	1416
1131	664
664	773
83	645
1381	1380
1381	1386
1380	1381
1380	1386
1380	83
1380	664
1386	83
1386	1472
1386	1473
1472	83
1472	1473
457	1012
457	457
457	634
988	1294
810	1294
56	617
1147	1147
1432	1147
1437	1147
1437	1432
939	1147
939	1432
939	1437
1868	1892
308	122
288	308
288	122
725	1947
725	906
725	477
1878	1909
1878	1805
1878	1937
1878	2144
1878	1062
133	446
133	267
133	199
133	368
1413	889
1413	1413
1413	1349
1413	848
1413	741
1805	363
1805	2050
1805	1805
1881	845
1881	1931
1682	644
1682	602
1682	1777
1307	486
1307	662
1307	280
222	1694
2042	2124
2042	1817
1562	254
790	513
1448	1236
688	1298
743	1298
690	1298
690	743
1298	1298
1298	743
1013	2211
1013	967
1537	615
1537	1210
1537	1871
714	1315
714	476
1550	481
1550	485
1550	1539
1550	707
1550	893
893	481
893	485
1556	485
1556	1295
1556	1539
1556	1550
1556	707
1556	893
707	485
707	1295
707	1550
707	1556
707	893
300	485
300	1295
723	1036
723	2192
723	989
1037	1036
1037	2192
1037	989
2192	1036
2192	1913
2192	1155
2192	2196
1035	1036
1035	2192
1035	989
1035	2087
1444	1484
1444	989
1036	1274
1036	989
2192	1525
2192	1274
2192	989
2192	787
2192	1846
2192	820
1661	1450
805	2192
805	1036
805	989
1688	1450
666	842
842	842
842	565
194	26
194	242
242	26
1690	2071
1690	208
913	411
913	1089
913	852
913	569
922	1063
922	1065
1063	1072
1063	1111
1063	548
1063	1778
630	1735
630	631
670	1287
57	1579
631	1735
1767	1735
1767	631
1767	630
630	2240
2240	1735
151	243
1863	243
1863	1680
833	1147
835	1147
1576	1071
1576	1979
1979	1979
1979	984
1447	1487
1447	3
1447	421
1447	1578
1447	1579
1447	57
558	250
558	364
558	634
559	632
267	267
267	438
562	438
1365	267
1365	294
1365	1048
1048	267
1048	294
1048	889
515	1789
515	2110
515	13
2110	1789
1377	1341
156	454
156	390
156	456
1669	1947
1476	267
1476	993
1476	1341
1476	1436
1476	1439
1436	528
1436	1341
638	219
638	13
219	219
379	13
1570	1566
1570	1567
1570	1973
1567	1566
1567	1570
1567	1973
2263	1525
2263	1573
2263	1880
2263	1574
868	989
1915	1060
1915	1573
1915	1811
1915	246
1915	1846
1915	1913
1915	1915
1775	1060
1775	1635
1775	1846
1775	1915
1079	1827
1079	1308
1079	2087
1913	1060
1913	1846
1913	1915
1422	797
1422	1694
1422	1311
1422	1422
1422	1920
1422	161
1422	790
1422	2211
1422	1922
1422	1927
653	650
1927	2211
1927	1079
1927	1922
1927	1908
1922	2211
1922	175
1922	335
1922	1079
1922	1922
1922	1908
1525	324
1525	995
716	1525
716	787
716	995
716	820
2157	1583
2271	2211
2271	744
2272	1197
2272	1867
2273	175
2273	2033
2274	1525
2274	1573
2274	1880
2274	1574
2225	324
1491	2225
1491	1846
920	989
2226	2226
2226	2087
324	324
10	525
1188	816
246	1573
246	1635
246	1883
669	1014
669	1197
919	1635
919	1104
1470	1060
1470	1635
1470	1846
1470	1915
1811	1060
1811	1525
1811	1566
1811	1775
1811	1635
1811	787
1811	995
1811	1398
1811	1920
1866	1525
1866	1811
1866	995
1811	2192
1811	1913
1811	1811
1811	1866
2012	1525
2012	1635
2012	1811
2012	1872
2012	787
1872	1811
1872	1635
1872	1846
1872	1915
1872	2012
1698	1872
1698	2012
1648	1811
1648	1872
792	787
847	901
847	787
847	1846
787	324
1915	1079
1915	1927
1915	1478
1574	1883
1574	1308
1574	1574
1574	101
818	1913
818	954
818	1573
803	818
1699	1760
1699	1036
1920	967
1920	513
1920	1551
1920	790
1864	324
1864	790
1864	1920
820	324
820	1864
820	1920
820	790
1635	1060
1635	727
1635	1197
1635	1883
1635	1583
1635	200
1635	1525
1635	716
1635	1409
1635	1573
1635	1531
1635	1536
1635	1827
1635	2211
1635	1484
1635	1036
1635	2225
1635	175
1635	324
1635	1635
1635	919
1635	246
1635	1104
1635	989
1635	2033
1635	787
1635	1846
1635	118
1635	1198
1635	995
1635	101
1635	2087
1635	1668
1635	790
1635	820
1675	2143
1675	476
1748	1585
2228	1585
2228	2098
511	1105
511	375
332	1084
332	364
332	193
332	121
332	375
672	673
673	731
999	1441
999	1406
1330	1441
1330	584
1330	545
1330	1412
584	465
584	2239
584	476
584	1412
1021	626
1021	476
1021	1412
1265	972
1125	979
1126	979
336	413
1302	1620
218	560
1944	2221
1944	1130
1944	1944
459	0
459	219
459	13
459	638
460	634
443	1837
2086	1530
1780	240
1780	1704
535	443
535	524
506	930
506	1973
1357	930
1357	933
1357	1973
1359	766
633	254
633	13
2244	161
2244	602
2244	1786
640	380
640	347
642	644
642	1194
215	14
175	1973
1786	161
1253	324
1053	1253
1053	1254
1053	1478
1787	1973
1482	1361
1482	1053
1482	1466
1990	1973
1254	1253
1254	324
1254	1478
644	644
1603	1060
1603	1512
1603	1450
157	365
157	135
157	369
157	370
948	1424
948	607
1424	607
844	1995
1877	1800
1043	1179
679	1451
679	1240
1373	1270
1931	2050
1060	324
1060	967
405	413
1135	1099
1135	304
1135	683
1135	2073
2215	2143
2215	626
2215	476
2215	2215
87	400
87	250
87	406
87	109
87	476
702	809
809	632
109	250
109	476
592	250
592	477
592	634
592	494
159	250
159	477
159	634
159	494
494	250
494	634
494	592
494	477
374	13
865	1123
865	219
867	986
1096	986
906	938
871	1147
2156	485
536	211
880	881
885	852
885	569
885	411
1652	485
1652	1636
1652	16
1652	1730
1652	1652
1652	632
2041	1634
2041	2009
2041	2120
2104	2104
2104	1634
1438	1438
1771	1634
1634	2241
1634	1634
1900	2241
1900	1634
1832	1771
1832	2241
1832	1634
2001	1771
2001	1634
2009	2241
2009	1634
2172	1634
2172	2001
2172	2120
2077	1900
2077	2001
2077	2120
2120	1634
2120	2241
2120	2001
1061	485
1061	481
1061	1295
1934	1930
1934	123
1907	123
1930	123
123	1409
1790	984
1191	364
1191	1244
1193	718
1090	134
1090	1233
1195	1244
451	36
1633	217
1633	367
1633	1341
1633	1385
1633	1632
1633	1633
1633	1725
1633	1352
1633	908
1200	1123
1200	1216
1200	927
1172	929
31	250
31	534
31	766
31	1441
31	579
31	476
1468	1224
1468	1172
1468	793
1891	349
908	908
908	1302
908	1044
1725	217
1725	367
1725	1341
1725	908
1405	60
1405	908
1352	1632
1352	1633
1352	1725
1352	908
1319	1633
1319	1352
1319	908
2255	1977
2255	1132
2255	1725
2255	1633
2255	1352
1725	1385
1725	1633
1632	217
1632	1341
1632	1385
1632	378
1632	1352
1632	908
2257	2190
2257	85
2257	134
2262	85
2262	772
2262	2190
85	928
85	283
2265	1496
1480	751
754	754
1481	763
1481	36
2267	1731
248	645
645	763
645	36
645	1140
645	961
645	137
763	248
1917	1904
2270	1904
2270	1917
1164	763
659	451
1488	2075
1490	1743
661	1367
661	953
36	1467
36	1464
36	751
1464	36
1464	1464
1464	1467
1140	1044
1140	1045
1815	1469
1175	1175
1175	1176
1954	137
1954	2068
1649	1659
1190	1175
1587	2045
752	763
752	36
752	1828
752	1464
403	1464
961	1140
961	1044
961	1045
961	137
645	1893
645	1894
1601	1997
1601	1464
755	1164
755	403
755	751
2010	403
2010	2010
2010	1731
2010	422
116	117
1607	2220
756	134
756	1044
80	36
80	107
1058	754
1058	303
1058	83
613	36
1045	2162
1045	1044
1045	1045
1828	1828
1828	1464
1874	1893
1874	1894
1874	107
1956	1874
353	1637
353	1464
2186	83
137	645
298	763
298	1164
298	36
836	853
836	137
1692	1828
1692	2123
1692	1882
1692	1961
1731	1828
117	1464
117	116
117	635
117	353
2123	1997
2123	1464
353	116
353	2123
353	117
117	1467
97	763
97	36
97	1828
97	117
97	1464
1882	1828
1696	36
1696	1828
1696	1464
1696	1467
1467	1828
1467	1464
155	403
155	422
422	403
422	1961
2045	97
1961	1828
1729	1828
1729	1882
1729	1716
1716	1828
1716	1882
1716	1729
974	1380
851	970
1705	1828
1705	1464
858	1245
859	1083
1139	1139
706	604
706	1026
706	706
1291	1026
1291	706
1291	950
1098	604
1098	1026
1098	1024
1098	1184
1210	1026
1210	1305
1305	123
1305	1026
1305	1777
604	1026
604	1777
1428	854
1428	1026
1026	123
1892	534
495	495
484	465
484	626
484	715
484	476
364	364
364	1730
971	1324
971	1328
1814	367
1814	368
643	323
149	323
149	643
1067	1485
317	233
957	957
957	1194
957	1838
1842	1895
1925	1895
1485	1443
1838	632
1395	890
1395	987
1173	481
1173	485
1173	1299
1178	565
1178	1995
1178	1466
2014	580
2014	1374
426	413
426	1980
663	1123
663	969
663	1548
502	256
502	365
502	261
502	135
502	369
969	729
969	1123
969	1548
969	1370
1289	1123
1289	1548
1289	729
1289	665
1289	533
482	634
482	744
482	525
1293	1311
1712	1711
1711	364
1711	1712
2127	1712
2127	1711
607	607
607	634
2130	1943
2131	1918
1268	150
1415	1177
1177	1458
1458	1401
1401	1022
1710	1604
369	140
369	369
365	369
223	63
223	561
223	2045
2106	1695
870	134
2111	1639
364	412
364	296
364	171
1165	476
1165	1469
1159	1165
1159	2007
1159	2008
1286	1474
1286	561
1469	901
1469	134
2007	772
2007	2008
2008	772
2008	2007
1897	1159
2121	316
2121	2007
2121	2008
2121	1897
561	901
561	63
561	264
561	1159
561	1474
561	513
561	2007
561	2008
561	1897
2039	1159
2039	1469
2039	2007
2039	561
2039	1897
2040	1159
2040	1469
2040	2007
2040	561
2040	1897
264	63
264	634
264	561
508	63
508	561
2125	63
2125	264
2125	1159
2125	2008
2125	1897
316	134
316	75
1301	485
1301	1295
1301	1299
2072	134
2072	1159
2072	772
2072	1113
2072	1897
2072	1469
2072	561
1113	901
1113	2072
1113	513
1113	561
2189	2165
2189	2072
2189	1113
2165	1159
2165	561
74	1728
74	607
968	827
968	217
181	167
181	623
166	167
166	623
1744	2052
237	277
237	279
237	1623
1623	1071
1623	1790
524	984
524	1979
1759	1540
1759	1518
1518	1540
891	1656
891	524
891	284
1656	331
1656	1940
1656	91
1656	891
1656	524
905	1419
1419	1419
1803	63
1829	389
1829	1783
918	1185
1966	632
1966	513
1966	1966
258	1636
258	364
258	92
258	1242
1646	1886
1646	60
1646	1650
1646	1796
1796	1803
1796	1650
1650	560
1650	63
1650	2171
1650	1803
1650	1650
1116	304
1116	683
1116	1099
600	480
600	718
600	375
268	634
4	736
4	364
4	91
4	92
4	427
4	64
4	211
4	280
1009	481
1009	485
1009	1295
1683	1704
1149	560
1606	1617
1606	345
144	481
314	634
1993	2117
1150	1242
1299	481
1299	485
1299	1299
545	550
545	416
545	844
1515	1685
1515	1617
1515	2207
1515	831
2207	1685
1154	1244
2000	2247
1161	1127
143	1478
1859	1858
1859	1862
1859	1859
1858	1862
1858	1859
552	364
2000	1859
2000	1858
1983	2124
1983	1714
1983	2042
1363	950
676	950
126	396
126	550
126	1441
126	176
126	1412
1539	1556
1539	485
1539	893
1539	1539
1527	1873
737	481
737	50
737	1295
1461	481
1461	50
1461	1295
739	481
739	50
739	1295
739	485
50	481
50	50
50	485
50	1295
1624	1939
1624	280
1299	1295
614	485
776	1295
776	738
738	1295
2057	1916
318	73
1677	1677
1486	950
1486	1104
1536	1197
1536	1867
623	623
1599	2045
1965	1967
1965	1965
1643	1605
1396	1396
238	1840
238	483
238	399
238	292
238	1121
238	1302
221	2162
221	356
221	1302
1493	2162
1493	356
1493	1121
1493	1302
1820	1620
1820	1121
399	483
399	399
399	234
399	238
2056	1493
2056	1121
356	338
356	221
356	1121
356	209
356	1302
1776	1302
1839	1302
1839	221
2136	1839
2136	1620
2136	1302
2136	221
2136	1776
1121	2162
1121	1493
1121	2056
1121	1302
1121	221
209	338
209	1776
209	1121
338	292
338	209
338	1302
338	1493
338	1121
338	1776
1840	1839
1840	1776
338	356
1833	1493
1833	2056
1834	1840
1834	1121
89	209
89	1121
89	2056
352	986
1321	1084
1321	364
1321	121
1321	191
1835	632
1835	2182
527	580
1919	63
1919	2045
1919	293
1924	1597
1929	1544
1929	2175
327	531
327	74
329	632
329	634
329	513
1798	1516
1544	2171
1498	1921
580	628
580	632
770	232
770	1325
1728	134
1728	2052
666	666
666	1156
534	465
534	250
534	650
534	1344
2134	1926
307	1860
307	634
520	413
521	634
589	364
589	634
449	2242
449	1685
449	634
1921	1926
1926	1921
1926	936
1860	1926
1975	2175
1975	632
1434	936
1597	1597
1804	1798
1557	2242
232	770
232	1325
204	13
204	844
1772	254
1772	1562
1772	2124
1047	481
1047	1049
1047	1299
17	63
1504	2109
2109	49
2129	2141
1414	1418
505	3
505	465
505	1487
505	513
505	476
111	64
132	63
198	634
915	1774
915	1887
915	1418
1763	1887
1774	1887
1887	108
1971	2268
2268	2109
2268	1504
1256	989
1256	1079
1346	950
1346	1104
311	309
311	311
190	519
131	250
131	131
131	634
131	54
930	930
1104	923
1163	930
1024	1470
1869	1694
1102	1869
1236	967
1311	173
1311	1478
1445	359
1104	1104
1104	854
1104	616
1963	2124
1671	1789
1788	2230
1788	623
1824	1859
1824	1862
1673	1824
1673	1859
1673	1862
1674	2230
1674	2137
1674	623
1862	1862
1817	2124
1817	2042
1792	254
1792	1562
2118	1311
2118	1422
500	254
52	202
1531	1531
1531	20
1531	1973
1531	476
82	517
82	2269
82	1672
2171	2171
152	512
152	283
152	513
1005	870
1005	1005
1050	481
1050	1295
1051	1019
481	50
481	485
481	1295
1019	887
1019	1295
1912	364
1912	1613
1613	1627
96	634
1627	1611
1627	1612
632	1611
632	632
632	1612
1612	1611
1612	632
260	465
260	813
260	48
260	467
260	476
1487	626
1487	1575
1487	476
365	256
256	256
256	365
256	369
1598	1469
587	64
587	211
2199	1976
171	296
171	1704
171	1469
814	1086
654	1086
654	296
654	618
288	65
567	567
2206	389
2206	1072
2206	2122
2085	2084
2084	276
2084	537
2084	2085
2084	119
2084	565
2084	2084
2084	2163
2122	2206
2122	275
2122	480
2122	445
1622	21
1622	620
1622	537
650	534
1440	710
1440	2050
1440	1931
996	2064
2124	2124
1580	1580
1553	589
1553	1152
1553	1124
1553	480
1553	797
1553	1551
1644	1196
1644	1644
1644	2029
2178	1849
2178	347
2178	349
2178	1469
