440	50
440	103
440	105
440	116
440	135
440	235
440	257
440	353
440	380
454	255
454	404
511	440
511	471
511	478
519	105
519	353
519	440
519	478
519	511
584	478
584	511
584	539
693	116
693	475
693	584
693	673
701	408
734	235
734	507
734	584
734	720
734	728
778	235
778	413
778	475
778	584
778	720
778	728
778	734
985	310
985	974
987	36
987	422
987	833
987	985
541	382
541	401
760	382
760	401
882	462
882	494
882	513
882	549
882	550
882	551
882	782
882	798
882	823
882	828
1009	762
592	459
592	547
1016	853
937	531
937	932
981	955
1036	822
377	332
556	410
556	444
556	515
632	248
632	345
983	560
222	50
222	64
222	103
222	105
222	116
257	50
257	66
257	103
257	105
257	116
257	201
257	222
507	404
507	413
507	454
958	475
548	370
548	377
921	899
616	594
809	616
809	652
639	105
639	116
639	135
639	235
639	353
639	440
639	456
639	471
639	478
639	511
639	519
639	584
978	454
365	103
365	116
365	255
365	310
365	353
864	103
864	105
864	257
864	339
864	413
753	408
753	467
753	519
753	639
753	701
765	408
765	753
813	753
813	754
813	765
873	753
873	754
873	765
873	813
922	753
922	765
922	813
922	873
961	753
961	754
961	765
961	813
961	873
961	922
880	860
1012	475
1012	745
1012	777
1012	958
903	413
1025	235
1025	837
1025	903
361	219
429	411
799	575
799	579
904	429
904	575
904	579
904	799
904	804
904	934
934	579
934	799
934	904
698	56
698	165
698	258
698	649
769	283
769	558
769	572
769	602
769	615
769	649
769	698
769	719
769	726
738	428
740	428
740	738
841	792
854	604
1000	604
1000	854
968	118
968	454
968	507
968	917
966	373
913	513
913	736
913	798
913	823
913	828
913	882
533	467
533	522
889	200
889	503
889	837
332	224
491	294
491	459
926	531
926	685
926	826
214	25
214	51
214	78
236	169
1029	798
1029	823
1029	828
1029	882
1029	913
1029	988
282	56
581	282
581	306
581	459
581	491
714	282
714	491
714	581
999	282
999	459
999	491
999	714
999	875
999	946
952	531
952	932
952	937
666	547
666	592
666	649
700	87
700	682
618	396
919	618
401	382
255	50
255	103
255	116
255	222
255	235
974	237
823	798
828	462
828	494
828	513
828	528
828	549
828	550
828	552
828	736
828	759
828	782
828	798
828	823
988	798
988	882
1030	494
1030	798
1030	823
1030	828
1030	882
1030	988
1037	462
1037	494
1037	513
1037	551
1037	798
1037	823
1037	828
1037	882
1037	913
1037	988
1037	1029
456	350
456	380
456	425
456	440
539	440
539	478
539	519
635	376
964	194
964	414
964	505
964	779
863	50
863	103
863	105
863	257
863	339
863	377
863	413
837	235
837	413
837	431
837	503
837	507
837	833
685	316
685	476
685	485
763	485
763	655
763	685
826	685
826	763
892	531
892	685
892	763
892	826
905	476
905	685
905	763
905	810
905	892
339	105
339	257
941	50
941	105
941	135
941	222
941	431
941	519
941	778
941	898
413	103
413	108
413	235
413	339
413	374
478	440
478	471
724	571
132	40
132	75
794	774
912	774
912	794
912	819
990	794
990	912
899	821
899	847
746	231
746	448
634	573
705	573
705	634
796	573
796	634
796	705
796	735
888	573
888	634
888	712
888	796
925	573
925	705
925	735
925	796
925	888
935	573
935	634
935	796
935	925
621	596
1014	621
895	108
895	556
895	659
895	713
895	761
895	779
895	874
995	629
995	889
995	954
1024	454
1024	503
1024	507
1024	577
1024	766
869	454
869	584
869	732
869	747
779	448
779	659
779	713
779	761
770	425
770	435
770	456
770	529
852	116
852	454
852	766
890	841
859	762
973	964
482	32
287	111
623	560
651	560
651	623
680	623
680	626
680	651
687	623
687	651
687	680
564	69
564	173
564	396
564	424
851	564
851	673
503	50
503	90
503	413
673	224
673	332
673	367
673	377
673	389
673	413
673	455
673	564
855	50
855	173
855	224
855	332
855	673
855	749
855	851
885	50
885	105
885	206
885	431
717	502
993	834
692	467
816	692
816	817
816	818
370	277
370	358
688	74
688	197
688	278
688	348
688	370
688	486
710	74
710	197
710	278
710	348
710	370
710	447
710	486
793	74
793	197
793	278
793	348
793	370
793	486
793	688
793	710
923	69
923	74
923	170
923	176
923	197
923	278
923	348
923	370
923	486
923	688
923	710
923	752
923	793
239	206
353	50
353	103
353	105
353	116
353	133
353	135
353	151
353	201
353	206
353	239
353	254
353	255
536	50
536	105
536	206
536	239
536	273
536	353
898	103
898	105
898	136
898	201
898	257
898	431
898	475
898	519
898	584
898	639
1021	90
1021	353
1021	536
984	520
984	666
1020	520
1020	666
1020	984
955	158
955	418
425	350
425	380
435	103
435	105
435	222
435	257
435	350
435	353
529	435
529	456
915	108
915	659
915	706
915	713
915	761
915	779
915	874
915	895
179	12
444	145
444	188
444	192
444	410
820	391
893	490
893	753
893	754
893	783
893	838
577	212
577	267
577	448
848	537
848	577
712	491
727	712
902	894
817	692
817	816
817	818
818	91
818	124
818	692
818	816
818	817
992	692
992	816
992	817
992	818
931	556
443	78
663	138
663	409
681	25
681	78
681	443
681	514
772	25
772	78
772	443
772	681
901	362
901	639
901	753
901	754
901	765
901	813
901	873
901	893
916	214
1007	78
1007	214
1007	390
1007	443
1007	459
1007	572
1007	591
1007	602
1007	615
1007	649
1007	666
1007	681
711	43
711	473
605	532
960	322
960	532
997	322
997	532
997	960
1005	532
1005	605
1005	960
1005	997
294	215
943	110
943	627
943	654
943	739
943	774
943	790
943	797
943	819
943	900
1004	537
1004	577
1004	848
1013	453
827	386
827	798
827	808
748	17
748	25
748	128
748	307
748	638
439	110
439	238
441	43
512	43
877	815
1031	408
1031	539
446	101
446	112
446	191
494	462
513	462
513	494
528	462
528	494
528	513
550	462
550	494
550	513
550	528
550	549
550	551
550	552
552	462
552	494
552	513
552	528
552	549
552	550
552	551
736	462
736	494
736	513
736	549
736	550
736	551
736	552
920	513
920	798
920	849
976	849
668	332
583	200
583	224
583	332
583	354
583	364
583	367
583	377
583	378
583	389
583	397
583	455
804	647
768	276
768	574
768	707
972	71
972	276
972	574
972	768
747	408
747	454
747	731
719	87
719	615
719	649
962	694
917	454
1023	947
839	473
839	525
839	711
659	108
659	212
659	448
659	556
659	577
659	586
713	108
713	448
713	659
713	706
1032	706
1032	713
1032	761
1032	779
1032	915
525	46
525	188
525	384
525	498
303	21
303	129
197	5
358	224
358	277
358	332
459	123
459	282
430	104
430	149
430	154
430	371
476	15
476	16
476	22
476	366
476	400
476	430
986	430
986	476
311	169
311	236
348	74
752	74
752	176
752	348
881	74
881	348
881	752
965	74
965	132
965	176
965	278
965	348
965	370
965	688
965	752
965	793
965	881
965	923
324	288
324	294
324	295
520	38
520	295
709	38
709	295
709	520
690	419
829	419
829	690
1017	419
1017	690
1017	829
279	0
279	9
279	91
279	159
279	196
279	273
483	236
483	311
121	115
602	547
602	592
847	821
501	265
956	703
956	867
842	731
245	0
375	273
379	245
379	273
379	375
991	273
364	224
364	332
367	200
367	224
367	332
367	364
397	224
397	332
397	364
397	377
397	389
674	224
674	332
674	364
674	367
674	377
862	224
862	332
862	364
862	367
862	377
862	389
862	455
862	583
862	588
862	749
629	156
629	188
629	268
629	345
629	352
629	392
467	91
467	206
467	273
381	129
630	303
630	381
630	480
630	559
994	317
994	630
994	753
994	765
994	813
994	873
994	922
101	28
101	92
112	92
112	101
551	462
551	494
551	513
551	528
551	549
551	550
551	552
951	933
500	426
395	127
395	160
395	161
395	303
871	119
932	952
238	70
790	110
790	238
790	627
790	664
790	739
819	6
819	774
742	224
742	408
742	467
742	673
883	245
883	408
883	673
883	701
883	742
938	408
938	467
938	673
938	701
938	742
938	883
938	901
754	408
897	753
897	754
897	765
897	813
897	873
861	730
167	12
167	13
167	46
188	12
188	46
301	46
301	167
488	115
488	121
537	448
1034	562
1034	620
1034	703
843	600
1035	448
949	122
320	273
940	575
940	579
940	830
940	856
940	893
940	907
346	59
346	173
620	562
703	562
703	620
718	0
718	595
474	245
474	273
474	375
474	379
474	464
767	745
875	459
875	491
875	999
865	625
865	769
954	46
954	167
954	188
954	248
971	332
971	413
971	673
971	742
971	855
971	862
946	306
946	459
946	875
609	436
830	34
830	292
830	294
830	343
830	489
59	5
59	20
669	59
521	109
806	125
806	914
907	292
907	294
907	459
907	489
907	806
907	830
777	745
777	767
404	55
404	224
404	359
404	377
939	404
879	814
345	243
1026	206
1026	239
1026	595
1026	718
118	50
410	188
522	408
522	467
281	98
281	166
366	22
400	281
400	282
929	16
929	22
929	366
929	400
929	476
929	810
412	97
412	292
412	295
412	324
412	387
354	4
354	162
354	189
354	199
354	200
354	224
354	260
354	332
1003	624
1003	835
1003	893
1003	980
1003	994
486	278
1006	162
1006	224
1006	332
803	618
678	43
678	441
678	569
678	677
725	116
725	454
421	66
421	105
421	257
421	350
421	380
808	762
321	12
321	13
321	18
321	46
321	107
321	167
321	179
321	193
498	12
498	46
498	188
498	321
498	384
506	46
506	321
506	384
506	498
598	46
598	188
598	321
598	384
598	498
598	506
598	525
273	95
273	178
785	786
599	372
599	386
866	806
866	836
223	53
223	109
591	390
591	446
591	457
766	454
471	103
471	105
471	135
471	136
471	257
471	380
471	425
471	440
471	456
220	160
274	55
274	147
274	160
274	217
274	220
362	55
362	147
362	314
362	317
457	408
672	74
672	197
672	224
672	278
672	332
672	348
672	354
672	364
672	367
672	377
672	378
672	389
672	417
672	447
672	455
672	486
672	583
672	588
1015	876
1015	878
1015	936
1015	975
918	580
918	893
833	413
833	503
751	504
751	560
751	608
751	651
781	755
464	245
464	280
464	426
481	426
481	464
720	511
720	584
720	639
389	224
389	332
389	364
389	367
389	377
749	224
749	332
749	673
749	742
524	468
405	16
405	22
405	366
405	393
480	129
480	381
838	783
868	381
868	480
868	630
676	261
676	314
676	322
676	362
662	355
825	90
825	574
825	768
78	17
649	443
649	547
649	602
649	615
606	52
312	231
615	214
615	547
615	592
615	602
633	601
322	100
322	220
322	274
392	156
392	344
392	345
665	109
665	538
253	209
585	350
585	435
585	529
357	0
357	9
357	91
357	196
357	279
715	595
715	670
409	351
884	812
505	413
505	414
850	723
930	723
930	743
930	744
930	850
644	11
644	264
644	438
644	453
644	607
653	11
653	607
653	644
658	11
658	644
658	653
156	6
156	8
156	11
156	12
417	197
417	224
417	278
417	332
417	354
417	358
417	364
417	367
417	389
417	397
455	224
455	332
455	354
455	364
455	367
455	389
455	397
588	332
588	364
588	367
588	377
588	389
588	455
588	583
739	110
739	238
739	627
832	684
832	787
458	62
458	472
104	54
900	627
900	664
900	797
900	824
508	149
508	371
508	430
93	57
93	94
402	48
402	152
39	120
148	131
309	120
309	140
461	211
878	599
878	827
878	876
762	614
325	248
263	23
374	108
563	413
996	501
996	703
996	956
378	332
378	364
378	367
586	448
757	448
706	694
773	694
773	706
509	376
927	376
927	509
927	635
380	50
380	103
380	105
380	116
380	133
380	222
380	254
380	255
380	257
380	350
380	353
807	475
807	725
909	858
909	860
860	858
572	214
726	87
726	615
726	649
726	719
810	15
810	16
810	22
810	366
810	400
810	405
810	430
810	476
810	568
810	582
810	716
810	742
959	934
535	495
535	496
535	497
737	362
414	233
414	360
612	59
612	69
612	172
612	424
290	86
290	219
290	250
722	623
722	679
260	4
260	106
489	294
489	343
942	694
942	706
942	773
942	776
857	660
211	2
211	47
211	69
211	138
333	248
194	8
194	11
194	31
466	43
466	441
593	43
593	441
593	466
593	473
593	561
473	466
780	648
780	661
670	206
670	595
595	206
595	273
229	130
347	130
232	8
970	444
970	556
970	775
970	931
337	68
337	146
337	308
567	30
567	67
567	183
385	34
385	61
385	123
385	294
385	338
33	27
33	28
172	5
589	477
626	564
350	103
350	105
350	133
350	222
350	254
371	149
371	154
371	184
485	149
485	371
485	430
554	149
554	508
646	401
225	184
1001	293
1001	322
1001	468
1001	532
1001	538
1001	960
1001	997
1033	322
1033	532
1033	997
1033	1001
61	29
61	34
61	37
153	92
153	101
153	112
316	126
534	479
275	11
876	484
876	698
876	769
750	459
998	141
24	11
28	27
37	29
37	34
120	10
49	39
54	16
54	22
60	2
73	2
75	10
76	41
79	49
79	76
80	8
85	8
94	57
94	58
94	93
99	8
102	12
107	12
113	6
113	18
113	31
117	39
117	114
128	25
134	58
134	72
140	39
140	114
142	8
144	12
144	13
144	46
145	8
150	13
155	1
155	92
155	101
155	112
157	8
163	31
164	12
164	13
164	46
165	17
165	25
166	98
171	109
177	44
177	45
180	8
182	8
186	13
187	12
187	31
190	6
190	12
190	18
192	8
192	11
192	12
192	14
192	31
193	11
193	12
193	18
193	31
195	38
195	63
198	63
203	8
203	11
204	2
205	11
207	26
210	101
216	27
216	35
217	127
218	8
218	12
218	31
218	143
218	145
218	180
218	187
218	192
221	185
228	57
230	8
230	143
230	145
230	180
233	8
233	143
233	180
234	174
240	202
241	159
241	162
241	181
243	139
244	66
247	2
247	77
247	204
252	100
254	50
254	64
254	103
254	105
254	116
254	133
254	201
254	222
256	62
259	2
262	137
266	12
266	13
266	46
266	107
268	12
269	12
269	18
269	19
269	31
269	113
270	228
271	8
271	82
271	143
271	145
271	180
271	194
271	230
280	245
285	168
289	46
289	209
291	8
291	11
296	125
297	8
299	12
299	13
299	46
300	12
300	46
300	107
302	69
302	206
302	239
304	8
304	24
304	58
304	62
304	83
304	96
304	123
304	243
305	284
307	17
307	25
307	78
308	146
313	12
315	18
319	111
319	287
323	188
323	289
323	301
326	46
327	249
327	251
327	298
328	109
329	109
330	8
330	11
331	84
334	125
335	109
336	245
338	294
340	250
340	290
341	332
342	8
343	294
344	243
349	344
349	345
352	213
356	242
359	224
359	332
368	286
386	372
387	97
387	288
387	292
387	295
387	324
388	105
388	116
388	254
393	16
393	22
393	366
398	0
398	151
399	383
403	369
406	81
415	50
415	103
415	105
415	222
415	239
415	257
415	380
423	55
423	404
424	69
427	402
434	50
434	206
442	281
445	8
445	438
447	391
449	433
450	228
451	219
451	246
452	318
453	8
453	175
453	213
453	438
463	363
465	369
465	403
468	108
468	293
469	110
470	42
470	289
470	392
477	394
479	432
487	228
487	459
490	489
499	383
499	399
504	442
514	78
514	443
516	103
516	105
516	222
516	257
518	173
518	208
518	277
518	370
523	432
526	492
526	493
527	3
527	448
530	437
538	108
538	293
538	468
540	495
540	496
540	497
542	42
542	392
542	470
545	43
545	466
545	473
546	43
546	466
546	473
549	462
549	494
549	513
549	528
549	550
549	551
549	552
555	410
555	444
557	376
557	509
559	381
559	407
561	43
561	473
565	443
566	105
566	116
566	350
566	380
566	388
566	425
566	471
568	544
576	544
576	568
578	226
578	248
580	490
587	31
590	553
597	363
597	463
603	298
607	11
607	264
607	416
607	438
607	445
607	453
608	504
610	504
610	517
617	388
617	566
619	510
622	613
625	373
628	527
631	156
636	381
636	559
637	543
638	25
638	307
640	227
641	414
641	531
643	518
645	43
645	466
645	473
645	561
645	593
650	492
650	493
650	526
654	627
656	432
656	523
661	648
664	627
671	656
675	544
675	569
675	642
683	610
686	667
689	123
691	460
691	491
695	261
695	362
695	676
697	7
697	78
697	514
699	570
702	700
707	574
708	573
708	634
708	705
716	15
716	65
716	457
716	476
721	376
721	509
728	584
728	720
729	584
729	720
733	696
735	573
735	705
756	88
756	358
758	55
758	404
759	462
759	494
759	513
759	549
759	550
759	736
764	432
764	523
764	534
771	101
771	112
771	446
775	555
775	556
776	694
776	706
776	773
782	494
782	513
782	549
782	736
782	759
784	272
784	691
786	785
787	657
788	789
789	788
791	38
800	70
800	89
802	801
805	611
914	294
914	806
914	866
811	214
811	681
811	795
814	441
814	512
824	797
831	123
840	694
840	706
840	773
845	201
845	206
845	239
845	273
845	353
845	536
846	741
849	462
849	494
849	513
849	528
849	549
849	550
849	736
849	759
849	782
849	828
867	562
867	620
867	703
872	723
872	743
872	744
874	659
874	713
874	779
887	739
887	812
887	884
891	691
896	90
896	768
908	906
911	372
911	878
924	906
924	908
928	870
944	372
944	859
944	878
945	637
945	684
945	832
945	886
948	727
950	840
953	802
957	704
967	694
967	706
967	773
967	776
967	840
967	942
969	698
969	865
975	769
975	859
975	876
975	878
975	936
975	944
977	88
977	277
977	358
977	370
977	420
977	518
977	637
977	756
979	438
979	963
980	835
980	893
982	420
989	15
1002	573
1002	574
1002	634
1002	705
1002	707
1002	768
1002	796
1002	825
1002	925
1008	508
1008	844
1010	544
1011	844
1011	1008
1018	910
1019	505
1022	238
1022	439
1022	790
1027	844
1027	1008
1028	11
1028	65
1028	194
1028	445
1028	607
1028	644
1028	653
